27.32083
27.54243
28.00805
28.1168
27.86605
27.82305
28.11166
27.90888
28.15805
27.88625
28.27916
28.30666
28.59104
28.54444
28.73402
29.26097
29.18902
29.63166
30.06923
30.33444
30.385
30.01194
30.20435
30.57552
30.73374
30.96583
30.95708
31.43729
31.30895
31.96847
32.24304
32.5561
32.63902
32.35083
32.75666
33.09944
33.42863
33.52041
34.06833
34.35001
34.6118
35.28069
35.49902
35.50133
35.6125
35.90665
35.81458
36.07082
36.23751
36.66343
36.73169
36.91156
36.99719
37.02782
37.17
37.23733
37.40659
37.65243
38.47256
38.67438
38.61271
38.88653
38.97256
39.23569
39.45483
39.59965
39.76896
40.04202
40.32792
40.51723
40.45042
40.64452
40.298
40.35324
41.01258
41.04079
41.39286
42.03954
42.19622
42.63245
42.81565
42.88545
43.02906
43.1683
44.11378
44.6358
44.73408
44.90282
45.3497
45.15748
45.13303
45.43581
45.5831
47.20061
46.97332
46.99361
46.8277
47.0591
47.26221
47.93721
48.39333
48.54277
49.1102
49.09262
49.17295
48.98304
48.88103
48.73499
48.56541
48.40582
48.21193
47.99374
47.88791
46.95221
46.57735
46.29694
46.01735
45.57972
45.25305
45.07729
44.95721
44.35499
44.29416
44.01937
43.99311
43.28388
42.73499
42.79583
42.57194
42.67707
42.50972
42.23333
41.88721
41.87721
41.67068
41.58666
42.46624
42.42999
42.64576
43.31694
43.69221
44.37527
45.04944
45.08055
44.8461
44.74527
45.38943
45.4586
45.72193
46.29583
46.41888
46.57069
46.53645
46.73638
46.59895
46.71513
46.90221
47.66499
47.99475
48.01125
47.65741
47.88805
47.87819
47.69186
47.91749
48.14353
48.25249
48.52055
49.83047
49.52058
49.92263
50.09631
50.33028
50.39027
51.62083
52.115
52.34423
52.54267
52.58805
52.76819
53.26374
53.54361
53.18832
53.05027
52.8752
52.75722
52.5761
52.12694
51.99437
51.38138
51.26555
51.31923
51.05825
50.74138
50.31472
50.20856
49.80588
49.58665
49.58443
49.34676
49.4158
48.86464
48.86041
48.60576
48.3268
48.10839
47.68721
47.71027
48.09888
48.06888
48.39112
48.26713
47.99207
47.70027
47.32333
46.64017
46.47888
46.25363
45.82347
45.62458
45.45083
45.05694
45.34582
44.97388
44.83649
44.05193
43.53624
43.38958
42.91645
42.74485
42.42186
42.71416
42.88794
43.00457
42.43582
42.44624
42.02736
42.00124
41.58284
41.38124
41.47249
41.79222
41.61176
40.89694
40.47037
40.09362
39.82777
39.8143
39.67388
38.99638
38.8611
38.71909
38.91221
39.09013
39.2186
39.35166
39.52847
39.62322
39.81138
40.00305
40.50562
40.73874
40.92194
40.1961
39.87242
39.15693
39.04083
39.19846
38.67555
38.38666
38.16721
38.1529
37.87832
37.30054
37.14361
37.15138
37.35228
37.83499
37.42458
37.55256
37.41833
37.39624
37.20999
37.02583
37.01978
36.89361
36.84298
37.00027
36.75889
36.61666
36.52638
36.37582
36.42277
36.14075
36.0419
36.26345
36.19998
35.95943
35.57893
34.88499
34.31145
32.97499
32.63889
32.42958
32.11333
32.02166
31.67833
31.86639
32.09361
31.94555
32.30638
32.26277
31.90388
31.98833
31.81944
31.30889
30.97986
30.85305
30.56889
30.33555
30.39298
30.19694
30.31027
30.06465
30.30458
29.96305
29.88211
29.51167
29.58916
29.19527
29.18388
29.37236
29.19729
29.29111
29.1634
29.02194
28.9359
28.72798
28.84215
28.66993
28.34722
28.13889
28.38277
27.98222
28.07944
27.87229
27.59319
27.45083
27.20777
27.28278
27.14764
26.89805
26.64465
26.51778
26.78823
26.64888
26.79611
26.75625
26.44222
26.47388
26.33861
26.36777
25.99694
26.14041
25.93788
25.99069
25.67996
25.68222
25.35333
25.60649
25.42097
25.25319
25.17208
25.2426
24.97194
24.88291
24.75673
24.52861
24.53638
24.68194
24.44024
24.46019
24.25875
23.62437
23.65919
23.355
23.42024
23.23666
23.21083
22.93902
22.73916
22.88416
22.65889
22.80833
22.70277
22.53305
22.64027
22.81402
22.69972
22.50423
22.55004
22.42993
22.26056
22.36736
22.50874
22.47444
22.83458
23.05027
23.11724
23.05083
22.87986
22.54944
22.18701
22.56701
22.17965
22.04069
22.20485
21.8693
21.96472
21.70139
21.91611
21.75139
21.77819
21.61264
21.5268
21.52528
21.21138
21.37322
20.84381
20.84083
20.64
20.48618
20.24611
20.2336
20.4318
20.92416
21.44694
21.50569
21.72333
21.49499
21.39666
21.58305
21.61611
21.79889
21.59888
21.93562
21.59014
21.68999
21.51444
21.54241
21.66694
21.60526
22.03083
22.45682
22.76389
22.86694
22.91253
23.32416
23.18027
22.81805
22.6875
22.79812
22.50387
22.78287
22.58436
22.79451
22.43652
22.77187
22.39629
22.49777
22.20916
21.83444
21.14451
21.17687
21.57264
21.76903
21.47694
21.43546
21.72555
22.05018
22.15592
22.93659
23.08204
23.18916
23.97076
24.16007
23.92999
24.26055
24.47666
24.73992
25.61527
25.56944
25.85597
26.12527
26.18472
26.79166
27.52972
27.6725
27.54014
28.14889
28.54652
28.22277
28.093438
27.750254
27.946494
27.946494
27.864771
27.832064
27.799348
27.750254
27.852053
27.985985
28.051294
28.067615
28.165489
28.132874
28.230688
28.230688
28.212228
28.293684
28.147017
27.738546
27.951146
27.591115
27.418859
27.180535
27.048825
26.978018
26.879069
26.928554
26.928554
26.945045
26.945045
26.86257
27.010981
27.109812
27.323643
27.471437
27.76472
27.945
28.08111
27.96999
28.07958
28.24257
28.32369
28.05777
27.32083