88.91693
88.76464
88.83575
88.62435
88.14279
87.19275
86.69527
86.45137
86.19769
86.0054
85.72137
85.11095
85.19518
84.84665
84.48623
84.11651
83.5479
83.19109
82.17525
82.11123
81.42623
81.23221
81.02536
80.207
80.25423
79.86304
79.55429
79.08082
78.76825
78.77075
78.47594
78.40595
78.74623
78.9711
79.52874
79.37511
78.93623
78.81387
78.73581
78.98535
78.33707
78.02305
78.0718
77.82393
76.89526
76.55304
76.18061
75.92887
76.04166
75.85984
75.45179
75.39902
75.14787
74.56543
74.39089
74.91574
75.18748
74.9036
74.85442
74.35471
73.81401
73.70818
73.85235
73.62005
73.65569
73.95471
73.8429
73.99096
74.88089
74.8588
75.23394
75.58284
75.70374
76.3344
76.87067
78.08083
78.39554
80.24513
80.23402
80.15804
80.25796
80.57226
80.38405
80.81526
80.36887
80.38499
80.51589
79.87106
81.67928
81.94803
82.56638
82.64624
82.32179
83.03443
83.93026
84.67804
84.80318
85.52257
85.70139
85.53707
85.76596
86.59791
86.87602
87.34821
87.8407
87.89291
87.7611
88.05942
87.99194
88.51679
88.61179
89.08514
90.07096
90.9136
91.07027
90.92151
91.02651
90.68193
90.89694
91.56088
93.5547
94.71735
95.41061
95.34109
95.53339
95.87901
96.38206
97.1654
99.51012
100.8425
101.8147
102.0772
103.4164
104.5267
104.5237
105.0065
107.4758
109.3107
110.1064
110.9897
111.9583
111.4214
111.873
112.4272
112.853
113.638
114.5453
115.7019
116.2104
116.5855
117.3755
117.425
117.8455
118.3147
119.7068
119.9315
119.9225
119.125
118.5393
117.8046
117.3827
116.8747
116.2624
115.9231
115.5944
115.5491
115.8358
115.8111
116.7114
117.8747
118.5746
119.321
119.36
119.1386
120.0641
120.7767
120.6259
120.7122
120.0819
120.0314
120.8307
123.6147
124.4933
125.62
125.6573
126.0968
125.9943
126.555
126.4412
126.9139
126.8176
126.9689
126.9331
127.2919
127.334
127.5861
127.515
127.838
128.7119
129.1118
129.4902
130.2246
130.674
130.5236
130.824
130.6598
130.9922
132.5211
133.0827
133.4843
134.4153
134.7408
134.5576
134.7608
134.1825
133.9977
133.8472
133.9016
133.4761
133.4702
133.1491
133.0253
131.8684
131.4691
130.953
131.298
131.1912
131.3104
131.1285
130.4327
130.6044
130.2468
130.2514
129.9046
129.6955
129.3493
128.9269
128.0566
128.3002
128.1529
127.2708
126.9047
126.5661
126.0118
124.8851
124.3736
124.128
123.2422
123.2167
121.648
121.6982
121.1873
121.0887
121.6794
121.5994
121.7511
121.2283
121.533
121.4683
121.881
122.2987
122.0521
121.1775
120.4468
119.5264
118.9715
118.3273
117.889
117.5364
117.6722
118.0281
118.8378
119.0355
118.9566
119.2328
119.7672
119.8529
120.7371
121.58
122.1282
122.1814
122.5586
122.5972
122.4005
122.5392
122.5047
122.1923
121.9566
121.5944
120.7764
120.96
120.8753
120.7062
120.6956
120.3436
120.3078
120.0889
120.2378
119.6475
119.1761
120.2487
120.8858
120.8375
121.3348
121.4412
121.7066
121.8275
120.9444
120.6019
120.099
119.8267
119.6317
120.1364
120.7026
120.7196
121.6681
121.8828
121.8469
120.9915
120.8144
120.4586
120.15
120.5082
120.7916
121.2808
121.6778
122.1196
121.4483
121.9744
121.9336
121.8119
121.7969
121.7444
121.5611
121.4135
121.6914
121.4908
121.6113
121.1464
121.4844
121.6417
121.3419
121.1651
120.9353
120.5908
120.84
120.5812
120.6655
120.5075
120.1896
120.4211
120.0332
120.128
119.8603
120.0733
119.8668
119.7879
119.5503
119.8204
119.5775
119.658
119.9489
119.4253
119.0975
119.354
119.7058
119.5807
119.4522
119.6454
119.3149
119.1053
119.3526
119.2726
118.8749
118.9866
118.5729
118.7631
118.5953
118.2397
118.1688
118.0199
117.7947
118.1237
117.1957
116.9179
116.7603
116.5322
116.7871
116.5139
116.4817
115.7978
115.6403
115.5367
115.1614
114.8889
114.8722
114.718
114.7782
114.5208
114.6136
114.2223
114.3885
114.2961
113.9056
114.0337
113.8608
113.606
113.5253
113.8219
113.4793
113.3629
113.5648
113.5527
113.1687
113.3868
113.2226
113.0848
112.94
112.824
112.2819
111.8921
111.9669
111.6762
111.7832
111.644
111.0285
110.5328
110.3944
110.1594
110.3755
110.3239
110.5274
110.2789
109.9244
110.0069
109.6629
109.9411
109.6605
109.5733
109.5344
109.1428
109.1375
108.911
108.8702
108.7403
108.4692
108.5125
108.3336
108.2447
107.99
107.7831
107.3627
106.6933
106.5517
106.7875
106.7029
105.8771
105.3587
104.9075
104.7319
104.3747
104.1113
103.9687
103.6538
103.5224
103.3337
103.0304
102.4744
102.1407
101.7415
101.5744
101.7653
101.786
101.2919
101.1482
101.099
100.6397
100.2057
99.97763
99.95741
99.16785
99.56484
99.5113
98.92747
98.67991
98.89073
97.54762
97.7593
97.54305
97.55255
98.19109
98.36137
98.7104
98.56944
98.73109
98.77777
98.69699
98.45888
98.31992
98.14499
97.55887
97.34888
97.376692
97.119129
97.450281
97.450281
97.284705
97.284705
97.211116
97.119129
96.925589
96.68434
96.610751
96.592354
96.426778
96.353189
96.2796
96.261202
96.01176
95.864582
95.423047
94.889525
95.294266
94.31001
94.098442
93.859277
93.840879
93.6135
93.098376
92.804019
92.804019
92.564854
92.564854
92.123319
92.104922
92.031332
92.104922
92.031332
91.65776
91.66277
91.30138
91.08693
90.3765
90.38898
89.99819
89.48749
88.91693